1,1,205.68,251.46,97.88,37.569999999999965,1,1,1.0
1,2,121.65,334.51,130.5,54.370000000000005,1,1,1.0
1,3,736.6,267.28,66.24000000000001,37.57000000000005,1,1,1.0
2,1,205.68,251.46,97.88,37.650000000000006,1,1,1.0
2,2,97.32,337.67,133.48000000000002,56.75999999999999,1,1,1.0
2,3,722.76,269.06,66.24000000000001,37.56999999999999,1,1,1.0
3,1,205.68,251.46,97.88,37.73999999999998,1,1,1.0
3,2,72.99,340.82,136.45999999999998,59.150000000000034,1,1,1.0
3,3,708.92,270.84,66.24000000000001,37.57000000000005,1,1,1.0
4,1,205.68,251.46,97.88,37.83000000000001,1,1,1.0
4,2,48.66,343.98,139.44,61.52999999999997,1,1,1.0
4,3,695.08,272.62,66.24000000000001,37.56999999999999,1,1,1.0
5,1,205.68,251.46,97.88,37.91,1,1,1.0
5,2,24.33,347.14,142.42000000000002,63.920000000000016,1,1,1.0
5,3,681.23,274.4,66.25,37.57000000000005,1,1,1.0
6,1,205.68,251.46,97.88,37.99999999999997,1,1,1.0
6,2,0.0,350.3,145.4,66.30000000000001,1,1,1.0
6,3,667.39,276.18,66.24000000000001,37.56999999999999,1,1,1.0
7,1,205.68,251.46,97.88,38.08000000000001,1,1,1.0
7,2,0.0,355.04,122.46,63.73999999999995,1,1,1.0
7,3,651.77,277.76,69.40999999999997,38.56,1,1,1.0
8,1,205.68,251.46,97.88,38.16999999999999,1,1,1.0
8,2,0.0,359.78,99.52,61.18000000000001,1,1,1.0
8,3,636.16,279.35,72.56000000000006,39.539999999999964,1,1,1.0
9,1,205.68,251.46,97.88,38.26000000000002,1,1,1.0
9,2,0.0,364.52,76.58,58.620000000000005,1,1,1.0
9,3,620.54,280.93,75.72000000000003,40.52999999999997,1,1,1.0
10,1,205.68,251.46,97.88,38.34,1,1,1.0
10,2,0.0,369.26,53.64,56.06,1,1,1.0
10,3,604.92,282.52,78.88,41.50999999999999,1,1,1.0
11,1,205.68,251.46,97.88,38.42999999999998,1,1,1.0
11,2,0.0,374.0,30.7,53.5,1,1,1.0
11,3,589.3,284.1,82.05000000000007,42.5,1,1,1.0
12,1,205.68,251.46,97.88,38.51000000000002,1,1,1.0
12,3,572.78,286.13,82.86000000000001,44.129999999999995,1,1,1.0
13,1,205.68,251.46,97.88,38.599999999999994,1,1,1.0
13,3,556.26,288.17,83.68000000000006,45.75999999999999,1,1,1.0
14,1,205.68,251.46,97.88,38.67999999999998,1,1,1.0
14,3,539.73,290.2,84.50999999999999,47.389999999999986,1,1,1.0
15,1,205.68,251.46,97.88,38.77000000000001,1,1,1.0
15,3,523.21,292.23,85.32999999999993,49.02999999999997,1,1,1.0
16,1,205.68,251.46,97.88,38.859999999999985,1,1,1.0
16,3,506.69,294.27,86.14000000000004,50.650000000000034,1,1,1.0
17,1,205.68,251.46,97.88,38.93999999999997,1,1,1.0
17,3,490.17,296.3,86.95999999999998,52.289999999999964,1,1,1.0
18,1,205.68,251.46,97.88,39.03,1,1,1.0
18,3,473.64,298.33,87.78999999999996,53.920000000000016,1,1,1.0
19,1,205.68,251.46,97.88,39.109999999999985,1,1,1.0
19,3,457.12,300.37,88.60000000000002,55.55000000000001,1,1,1.0
20,1,205.68,251.46,97.88,39.20000000000002,1,1,1.0
20,3,440.6,302.4,89.41999999999996,57.18000000000001,1,1,1.0
21,1,205.68,251.46,97.88,39.28999999999999,1,1,1.0
21,3,421.74,306.54,92.58000000000004,56.70999999999998,1,1,1.0
22,1,205.68,251.46,97.88,39.369999999999976,1,1,1.0
22,3,402.88,310.68,95.74000000000001,56.23000000000002,1,1,1.0
23,1,205.68,251.46,97.88,39.46000000000001,1,1,1.0
23,3,384.02,314.81,98.89000000000004,55.76999999999998,1,1,1.0
24,1,205.68,251.46,97.88,39.53999999999999,1,1,1.0
24,3,365.17,318.95,102.03999999999996,55.29000000000002,1,1,1.0
25,1,205.68,251.46,97.88,39.62999999999997,1,1,1.0
25,3,346.31,323.09,105.19999999999999,54.82000000000005,1,1,1.0
26,1,205.68,251.46,97.88,39.72,1,1,1.0
26,3,327.45,327.23,108.36000000000001,54.339999999999975,1,1,1.0
27,1,205.68,251.46,97.88,39.79999999999998,1,1,1.0
27,3,308.59,331.36,111.51000000000005,53.879999999999995,1,1,1.0
28,1,205.68,251.46,97.88,39.890000000000015,1,1,1.0
28,3,289.73,335.5,114.66999999999996,53.39999999999998,1,1,1.0
29,1,205.68,251.46,97.88,39.97,1,1,1.0
29,3,266.37,339.01,117.75999999999999,54.84000000000003,1,1,1.0
30,1,205.68,251.46,97.88,40.059999999999974,1,1,1.0
30,3,243.01,342.52,120.85000000000002,56.27000000000004,1,1,1.0
31,1,205.68,251.46,97.88,40.150000000000006,1,1,1.0
31,3,219.65,346.03,123.93999999999997,57.710000000000036,1,1,1.0
32,1,205.68,251.46,97.88,40.22999999999999,1,1,1.0
32,3,196.29,349.54,127.02000000000001,59.139999999999986,1,1,1.0
33,1,205.68,251.46,97.88,40.319999999999965,1,1,1.0
33,3,172.92,353.05,130.12000000000003,60.579999999999984,1,1,1.0
34,1,205.68,251.46,97.88,40.400000000000006,1,1,1.0
34,3,149.56,356.55,133.20999999999998,62.01999999999998,1,1,1.0
35,1,205.68,251.46,97.88,40.48999999999998,1,1,1.0
35,3,126.2,360.06,136.3,63.45999999999998,1,1,1.0
36,1,205.68,251.46,97.88,40.569999999999965,1,1,1.0
36,3,99.36,363.57,143.49,64.88999999999999,1,1,1.0
37,1,205.68,251.46,97.88,40.66,1,1,1.0
37,3,72.52,367.08,150.68,66.33000000000004,1,1,1.0
38,1,205.68,251.46,97.88,40.74999999999997,1,1,1.0
38,3,45.68,370.59,151.97,67.76000000000005,1,1,1.0
39,1,205.68,251.46,97.88,40.83000000000001,1,1,1.0
39,3,18.84,374.1,153.26,69.19999999999999,1,1,1.0
40,1,205.68,251.46,97.88,40.91999999999999,1,1,1.0
40,3,0.0,380.03,151.34,69.20000000000005,1,1,1.0
41,1,205.68,251.46,97.88,40.99999999999997,1,1,1.0
41,3,0.0,380.03,127.6,77.07000000000005,1,1,1.0
42,1,205.68,251.46,97.88,41.09,1,1,1.0
42,3,0.0,388.67,101.4,68.43,1,1,1.0
43,1,205.68,251.46,97.88,41.17999999999998,1,1,1.0
43,3,0.0,397.32,75.2,59.78000000000003,1,1,1.0
44,1,205.68,251.46,97.88,41.26000000000002,1,1,1.0
44,3,0.0,405.96,49.0,51.14000000000004,1,1,1.0
45,1,205.68,251.46,97.88,41.349999999999994,1,1,1.0
45,3,0.0,414.6,22.8,42.5,1,1,1.0
46,1,205.68,251.46,97.88,41.42999999999998,1,1,1.0
47,1,205.68,251.46,97.88,41.52000000000001,1,1,1.0
48,1,205.68,251.46,97.88,41.609999999999985,1,1,1.0
49,1,205.68,251.46,97.88,41.68999999999997,1,1,1.0
50,1,205.68,251.46,97.88,41.78,1,1,1.0
51,1,205.68,251.46,97.88,41.859999999999985,1,1,1.0
52,1,205.68,251.46,97.88,41.95000000000002,1,1,1.0
52,4,947.19,226.54,9.879999999999995,63.28,1,1,1.0
53,1,205.68,251.46,97.88,42.03,1,1,1.0
53,4,942.99,226.95,14.069999999999936,64.34000000000003,1,1,1.0
54,1,205.68,251.46,97.88,42.119999999999976,1,1,1.0
54,4,938.79,227.36,18.25,65.38999999999999,1,1,1.0
55,1,205.68,251.46,97.88,42.21000000000001,1,1,1.0
55,4,934.59,227.77,22.42999999999995,66.45000000000002,1,1,1.0
56,1,205.68,251.46,97.88,42.28999999999999,1,1,1.0
56,4,930.39,228.18,26.610000000000014,67.5,1,1,1.0
57,1,205.68,251.46,97.88,42.37999999999997,1,1,1.0
57,4,926.19,228.59,30.789999999999964,68.55999999999997,1,1,1.0
58,1,205.68,251.46,97.88,42.46000000000001,1,1,1.0
58,4,921.99,229.0,34.97000000000003,69.62,1,1,1.0
59,1,205.68,251.46,97.88,42.54999999999998,1,1,1.0
59,4,917.8,229.41,39.15000000000009,70.66999999999999,1,1,1.0
60,1,205.68,251.46,97.88,42.640000000000015,1,1,1.0
60,4,913.6,229.82,43.32999999999993,71.73000000000002,1,1,1.0
61,1,205.68,251.46,97.88,42.72,1,1,1.0
61,4,909.4,230.22,47.50999999999999,72.78999999999999,1,1,1.0
62,1,205.68,251.46,97.88,42.809999999999974,1,1,1.0
62,4,905.2,230.63,51.68999999999994,73.85000000000002,1,1,1.0
63,1,205.68,251.46,97.88,42.890000000000015,1,1,1.0
63,4,897.17,231.04,59.700000000000045,74.91,1,1,1.0
64,1,205.68,251.46,97.88,42.97999999999999,1,1,1.0
64,4,889.13,231.45,67.72000000000003,75.96000000000004,1,1,1.0
65,1,205.68,251.46,97.88,43.069999999999965,1,1,1.0
65,4,881.1,231.86,75.74000000000001,77.01999999999998,1,1,1.0
66,1,205.68,251.46,97.88,43.150000000000006,1,1,1.0
66,4,876.7,232.27,80.12,78.06999999999996,1,1,1.0
67,1,205.68,251.46,97.88,43.23999999999998,1,1,1.0
67,4,872.3,232.68,84.5,79.13,1,1,1.0
68,1,205.68,251.46,97.88,43.319999999999965,1,1,1.0
68,4,868.9,233.09,87.94000000000005,80.17999999999998,1,1,1.0
69,1,205.68,251.46,97.88,43.41,1,1,1.0
69,4,859.14,233.49,97.73000000000002,81.25,1,1,1.0
70,1,205.68,251.46,97.88,43.49999999999997,1,1,1.0
70,4,849.37,233.9,107.53999999999996,82.30999999999997,1,1,1.0
71,1,205.68,251.46,97.88,43.58000000000001,1,1,1.0
71,4,839.61,234.31,117.34000000000003,83.36000000000001,1,1,1.0
72,1,205.68,251.46,97.88,43.66999999999999,1,1,1.0
72,4,829.84,234.72,127.14999999999998,84.41999999999999,1,1,1.0
73,1,205.68,251.46,97.88,43.74999999999997,1,1,1.0
73,4,820.08,235.13,136.93999999999994,85.47000000000003,1,1,1.0
74,1,205.68,251.46,97.88,43.84,1,1,1.0
74,4,810.32,235.54,146.7399999999999,86.53,1,1,1.0
75,1,205.68,251.46,97.88,43.91999999999999,1,1,1.0
75,4,800.55,235.95,156.55000000000007,87.59000000000003,1,1,1.0
76,1,205.68,251.46,97.88,44.01000000000002,1,1,1.0
76,4,810.5,234.05,145.27999999999997,88.63999999999999,1,1,1.0
77,1,205.68,251.46,97.88,44.099999999999994,1,1,1.0
77,4,798.19,232.15,156.26,89.70000000000002,1,1,1.0
78,1,205.68,251.46,97.88,44.17999999999998,1,1,1.0
78,4,785.89,230.25,167.23000000000002,90.75999999999999,1,1,1.0
79,1,205.68,251.46,97.88,44.27000000000001,1,1,1.0
79,4,781.0,237.58,170.79999999999995,91.81999999999996,1,1,1.0
79,5,952.13,238.41,3.9600000000000364,29.659999999999997,1,1,1.0
80,1,205.68,251.46,97.88,44.349999999999994,1,1,1.0
80,4,768.67,237.99,180.5300000000001,92.88,1,1,1.0
80,5,946.25,238.55,5.919999999999959,29.47999999999996,1,1,1.0
81,1,205.68,251.46,97.88,44.43999999999997,1,1,1.0
81,4,762.3,238.4,178.9000000000001,93.92999999999998,1,1,1.0
81,5,940.38,238.69,7.8799999999999955,29.29000000000002,1,1,1.0
82,1,205.67,251.53,97.87000000000003,44.29999999999998,1,1,1.0
82,4,753.64,238.84,180.39999999999998,95.96000000000001,1,1,1.0
82,5,934.5,238.83,9.850000000000023,29.109999999999985,1,1,1.0
83,1,205.65,251.6,97.87999999999997,44.16,1,1,1.0
83,4,744.98,239.28,181.89999999999998,97.97999999999999,1,1,1.0
83,5,928.63,238.98,11.81000000000006,28.919999999999987,1,1,1.0
84,1,205.63,251.67,97.88,44.02000000000001,1,1,1.0
84,4,736.32,239.72,183.39,100.01000000000002,1,1,1.0
84,5,922.75,239.12,13.769999999999982,28.74000000000001,1,1,1.0
85,1,205.61,251.74,97.88,43.879999999999995,1,1,1.0
85,4,727.66,240.16,184.89,102.03999999999999,1,1,1.0
85,5,916.88,239.26,15.730000000000018,28.55000000000001,1,1,1.0
86,1,205.6,251.81,97.87000000000003,43.74000000000001,1,1,1.0
86,4,719.0,240.6,186.39,104.06000000000003,1,1,1.0
86,5,911.0,239.4,17.700000000000045,28.369999999999976,1,1,1.0
86,6,700.0,263.12,30.66999999999996,28.680000000000007,1,1,1.0
87,1,205.58,251.88,97.87999999999997,43.60000000000002,1,1,1.0
87,4,716.2,239.79,185.7199999999999,105.25000000000003,1,1,1.0
87,5,905.65,240.27,15.07000000000005,28.659999999999997,1,1,1.0
87,6,690.11,263.12,28.720000000000027,28.680000000000007,1,1,1.0
88,1,205.56,251.95,97.88,43.460000000000036,1,1,1.0
88,4,709.27,238.98,189.18000000000006,106.43000000000004,1,1,1.0
88,5,900.3,241.14,12.440000000000055,28.94999999999999,1,1,1.0
88,6,680.23,263.12,26.769999999999982,28.680000000000007,1,1,1.0
89,1,205.54,252.02,97.88000000000002,43.319999999999965,1,1,1.0
89,4,698.4,245.09,192.62,107.61999999999998,1,1,1.0
89,5,891.98,242.02,12.779999999999973,29.22999999999999,1,1,1.0
89,6,667.08,263.99,32.14999999999998,29.379999999999995,1,1,1.0
90,1,205.52,252.09,97.87999999999997,43.16999999999999,1,1,1.0
90,4,687.6,251.2,196.0,108.80000000000001,1,1,1.0
90,5,883.65,242.89,13.129999999999995,29.50999999999999,1,1,1.0
90,6,653.94,264.86,37.52999999999997,30.079999999999984,1,1,1.0
91,1,205.51,252.16,97.88,43.03,1,1,1.0
91,4,677.7,252.62,197.55999999999995,109.98000000000002,1,1,1.0
91,5,875.33,243.76,13.469999999999914,29.80000000000001,1,1,1.0
91,6,640.8,265.73,42.90000000000009,30.779999999999973,1,1,1.0
92,1,205.49,252.23,97.88,42.890000000000015,1,1,1.0
92,4,667.8,254.04,199.13,111.16,1,1,1.0
92,5,867.0,244.63,13.82000000000005,30.090000000000032,1,1,1.0
92,6,627.65,266.6,49.65999999999997,31.47999999999996,1,1,1.0
93,1,205.47,252.3,97.88000000000002,42.75,1,1,1.0
93,4,657.9,255.46,200.69000000000005,112.34,1,1,1.0
93,5,858.65,245.51,14.190000000000055,30.370000000000005,1,1,1.0
93,6,614.51,267.47,56.41999999999996,32.17999999999995,1,1,1.0
94,1,205.45,252.37,97.88,42.610000000000014,1,1,1.0
94,4,638.95,256.89,211.29999999999995,113.50999999999999,1,1,1.0
94,5,850.3,246.38,14.56000000000006,30.660000000000025,1,1,1.0
94,6,601.37,268.34,63.16999999999996,32.88000000000005,1,1,1.0
95,1,205.44,252.44,97.87,42.47000000000003,1,1,1.0
95,4,620.0,258.31,221.90999999999997,114.69,1,1,1.0
95,5,841.95,247.25,14.92999999999995,30.939999999999998,1,1,1.0
95,6,588.22,269.21,69.93999999999994,33.58000000000004,1,1,1.0
96,1,205.42,252.51,97.88000000000002,42.329999999999984,1,1,1.0
96,4,621.1,259.73,220.79999999999995,110.96999999999997,1,1,1.0
96,5,833.6,248.12,15.299999999999955,31.230000000000018,1,1,1.0
96,6,575.08,270.08,76.68999999999994,34.28000000000003,1,1,1.0
97,1,205.4,252.58,97.87999999999997,42.18999999999997,1,1,1.0
97,4,608.55,261.15,224.29000000000008,112.85000000000002,1,1,1.0
97,5,820.3,248.69,19.620000000000005,31.329999999999984,1,1,1.0
97,6,561.93,270.95,83.46000000000004,34.98000000000002,1,1,1.0
98,1,205.38,252.66,97.88,42.03999999999999,1,1,1.0
98,4,596.0,262.57,227.76999999999998,114.73000000000002,1,1,1.0
98,5,794.27,249.27,36.65999999999997,31.409999999999997,1,1,1.0
98,6,548.79,271.82,90.21000000000004,35.68000000000001,1,1,1.0
99,1,205.37,252.73,97.87,41.900000000000006,1,1,1.0
99,4,583.45,264.0,231.26,116.60000000000002,1,1,1.0
99,5,768.24,249.84,53.710000000000036,31.49999999999997,1,1,1.0
99,6,535.65,272.69,90.18000000000006,36.389999999999986,1,1,1.0
100,1,205.35,252.8,97.88000000000002,41.75999999999999,1,1,1.0
100,4,570.9,265.42,234.75,118.47999999999996,1,1,1.0
100,5,742.21,250.41,70.75999999999999,31.599999999999994,1,1,1.0
100,6,522.5,273.55,90.15999999999997,37.099999999999966,1,1,1.0
101,1,205.33,252.87,97.87999999999997,41.620000000000005,1,1,1.0
101,4,558.35,266.84,238.23000000000002,120.36000000000001,1,1,1.0
101,5,716.17,250.98,87.81000000000006,31.690000000000026,1,1,1.0
101,6,509.36,274.42,90.13,37.80000000000001,1,1,1.0
102,1,205.31,252.94,97.88,41.48000000000002,1,1,1.0
102,4,545.8,268.26,241.72000000000003,122.24000000000001,1,1,1.0
102,5,690.14,251.55,104.86000000000001,31.779999999999973,1,1,1.0
102,6,496.22,275.29,90.08999999999992,38.5,1,1,1.0
103,1,205.29,253.01,97.88000000000002,41.34000000000003,1,1,1.0
103,4,518.3,269.68,260.1600000000001,124.12,1,1,1.0
103,5,681.05,252.12,103.0,31.879999999999995,1,1,1.0
103,6,483.07,276.16,90.07,39.19999999999999,1,1,1.0
104,1,205.28,253.08,97.88000000000002,41.19999999999996,1,1,1.0
104,4,522.2,271.11,248.32999999999993,125.28999999999996,1,1,1.0
104,5,671.96,252.69,101.13999999999999,31.970000000000027,1,1,1.0
104,6,469.93,277.03,90.04000000000002,39.900000000000034,1,1,1.0
105,1,205.26,253.15,97.88,41.059999999999974,1,1,1.0
105,4,507.6,272.53,255.0,126.47000000000003,1,1,1.0
105,5,662.87,253.27,99.27999999999997,32.059999999999974,1,1,1.0
105,6,456.79,277.9,90.00999999999993,40.60000000000002,1,1,1.0
106,1,205.24,253.22,97.88,40.91,1,1,1.0
106,4,493.0,273.95,261.65999999999997,127.65000000000003,1,1,1.0
106,5,653.78,253.84,97.42000000000007,32.150000000000006,1,1,1.0
106,6,441.63,276.58,94.97000000000003,40.60000000000002,1,1,1.0
107,1,205.22,253.29,97.88000000000002,40.77000000000001,1,1,1.0
107,4,478.4,275.37,268.33000000000004,128.82999999999998,1,1,1.0
107,5,644.69,254.41,95.55999999999995,32.23999999999998,1,1,1.0
107,6,426.47,275.26,99.92999999999995,40.60000000000002,1,1,1.0
108,1,205.21,253.36,97.87999999999997,40.629999999999995,1,1,1.0
108,4,462.5,276.79,276.29999999999995,130.01,1,1,1.0
108,5,635.6,254.98,93.69999999999993,32.34,1,1,1.0
108,6,411.31,273.95,104.89000000000004,40.60000000000002,1,1,1.0
109,1,205.19,253.43,97.88,40.49000000000001,1,1,1.0
109,4,446.25,278.21,281.67999999999995,134.13,1,1,1.0
109,5,622.68,255.55,94.34000000000003,32.43000000000001,1,1,1.0
109,6,397.75,273.66,104.88999999999999,40.599999999999966,1,1,1.0
110,1,205.17,253.5,97.88000000000002,40.35000000000002,1,1,1.0
110,4,430.0,279.64,287.07000000000005,138.25,1,1,1.0
110,5,609.75,256.12,94.99000000000001,32.51999999999998,1,1,1.0
110,6,384.19,273.38,104.88999999999999,40.60000000000002,1,1,1.0
110,7,927.41,225.56,6.920000000000073,38.55000000000001,1,1,1.0
111,1,205.15,253.57,97.87999999999997,40.20999999999998,1,1,1.0
111,4,410.9,281.06,295.30000000000007,142.37,1,1,1.0
111,5,596.83,256.69,95.63999999999999,32.620000000000005,1,1,1.0
111,6,370.63,273.1,104.88999999999999,40.599999999999966,1,1,1.0
111,7,921.92,224.54,12.240000000000009,40.37000000000003,1,1,1.0
112,1,205.14,253.64,97.87,40.06999999999999,1,1,1.0
112,4,394.43,282.48,300.90000000000003,146.5,1,1,1.0
112,5,583.9,257.27,96.29000000000008,32.700000000000045,1,1,1.0
112,6,357.07,272.82,104.88999999999999,40.60000000000002,1,1,1.0
112,7,916.43,223.52,17.550000000000068,42.17999999999998,1,1,1.0
113,1,205.12,253.71,97.88,39.92999999999998,1,1,1.0
113,4,377.97,283.9,306.5,150.62,1,1,1.0
113,5,570.98,257.84,96.92999999999995,32.79000000000002,1,1,1.0
113,6,343.51,272.53,104.90000000000003,40.60000000000002,1,1,1.0
113,7,910.94,222.5,22.8599999999999,43.99000000000001,1,1,1.0
114,1,205.1,253.78,97.88000000000002,39.78999999999999,1,1,1.0
114,4,361.5,285.33,312.1,154.74,1,1,1.0
114,5,558.05,258.41,97.58000000000004,32.889999999999986,1,1,1.0
114,6,329.95,272.25,104.90000000000003,40.60000000000002,1,1,1.0
114,7,905.45,221.26,28.18999999999994,46.01999999999998,1,1,1.0
115,1,205.08,253.85,97.87999999999997,39.650000000000006,1,1,1.0
115,4,334.53,286.75,328.20000000000005,158.86,1,1,1.0
115,5,545.13,258.98,98.23000000000002,32.97999999999996,1,1,1.0
115,6,316.4,271.97,104.89000000000004,40.599999999999966,1,1,1.0
115,7,899.96,220.02,33.51999999999998,48.04999999999998,1,1,1.0
116,1,205.07,253.92,97.87,39.51000000000002,1,1,1.0
116,4,307.57,288.17,344.3,162.99,1,1,1.0
116,5,532.21,259.55,98.87,33.079999999999984,1,1,1.0
116,6,299.78,273.84,106.56,40.60000000000002,1,1,1.0
116,7,894.47,218.78,38.85000000000002,50.08000000000001,1,1,1.0
117,1,205.05,253.99,97.88,39.370000000000005,1,1,1.0
117,4,280.6,289.59,360.4,167.11,1,1,1.0
117,5,519.28,260.12,99.51999999999998,33.170000000000016,1,1,1.0
117,6,283.16,275.7,108.23999999999995,40.60000000000002,1,1,1.0
117,7,888.98,217.54,44.17999999999995,52.109999999999985,1,1,1.0
118,1,205.03,254.06,97.88000000000002,39.23000000000002,1,1,1.0
118,4,286.6,291.01,342.4599999999999,170.26999999999998,1,1,1.0
118,5,505.21,260.92,99.57,33.25999999999999,1,1,1.0
118,6,266.54,277.57,109.91999999999996,40.60000000000002,1,1,1.0
118,7,883.49,216.3,49.50999999999999,54.14999999999998,1,1,1.0
119,1,205.01,254.13,97.88,39.09000000000003,1,1,1.0
119,4,264.65,292.43,352.47,173.43,1,1,1.0
119,5,491.13,261.71,99.63,33.35000000000002,1,1,1.0
119,6,249.92,279.44,111.6,40.60000000000002,1,1,1.0
119,7,878.0,216.51,55.48000000000002,54.73000000000002,1,1,1.0
120,1,204.99,254.2,97.88,38.94999999999999,1,1,1.0
120,4,242.7,293.86,362.47999999999996,176.57999999999998,1,1,1.0
120,5,477.05,262.51,99.69,33.44,1,1,1.0
120,6,233.3,281.31,113.26999999999998,40.60000000000002,1,1,1.0
120,7,872.51,216.72,61.450000000000045,55.309999999999974,1,1,1.0
121,1,204.98,254.27,97.88000000000002,38.809999999999974,1,1,1.0
121,4,220.75,295.28,372.49,179.74,1,1,1.0
121,5,462.98,263.3,99.74000000000001,33.539999999999964,1,1,1.0
121,6,216.26,283.17,115.37,40.599999999999966,1,1,1.0
121,7,867.02,216.93,67.42000000000007,55.889999999999986,1,1,1.0
122,1,204.96,254.34,97.87999999999997,38.66999999999999,1,1,1.0
122,4,198.8,296.7,382.49999999999994,182.90000000000003,1,1,1.0
122,5,448.9,264.1,99.80000000000007,33.629999999999995,1,1,1.0
122,6,199.21,285.04,117.47999999999999,40.599999999999966,1,1,1.0
122,7,861.53,217.14,73.38999999999999,56.47000000000003,1,1,1.0
123,1,204.94,254.41,97.88,38.52000000000001,1,1,1.0
123,4,173.2,299.61,392.41,183.76,1,1,1.0
123,5,433.83,264.96,101.82,34.81,1,1,1.0
123,6,182.17,286.91,119.57000000000002,40.599999999999966,1,1,1.0
123,7,856.04,217.35,79.36000000000001,57.04999999999998,1,1,1.0
124,1,204.92,254.49,97.88000000000002,38.370000000000005,1,1,1.0
124,4,135.75,299.55,427.02,197.45,1,1,1.0
124,5,418.76,265.82,103.83000000000004,35.99000000000001,1,1,1.0
124,6,165.13,288.78,121.67000000000002,40.60000000000002,1,1,1.0
124,7,851.53,217.55,80.18000000000006,57.639999999999986,1,1,1.0
125,1,204.91,254.56,97.86999999999998,38.23000000000002,1,1,1.0
125,4,107.2,303.44,437.87000000000006,194.38,1,1,1.0
125,5,403.69,266.68,105.85000000000002,37.18000000000001,1,1,1.0
125,6,147.22,290.53,123.41,40.60000000000002,1,1,1.0
125,7,847.02,217.76,81.00999999999999,58.23000000000002,1,1,1.0
126,1,204.89,254.63,97.88,38.09000000000003,1,1,1.0
126,4,91.5,308.33,434.29999999999995,194.56,1,1,1.0
126,5,388.63,267.54,107.86000000000001,38.35999999999996,1,1,1.0
126,6,129.32,292.29,125.13,40.599999999999966,1,1,1.0
126,7,842.52,217.97,81.82000000000005,58.809999999999974,1,1,1.0
127,1,204.87,254.7,97.88,37.94999999999999,1,1,1.0
127,4,69.8,311.23,439.7,210.56999999999994,1,1,1.0
127,5,373.56,268.4,109.87,39.54000000000002,1,1,1.0
127,6,111.41,294.05,126.87,40.599999999999966,1,1,1.0
127,7,838.01,218.18,82.64999999999998,59.389999999999986,1,1,1.0
128,1,204.85,254.77,97.88000000000002,37.809999999999974,1,1,1.0
128,4,38.74,309.1,463.36,215.32999999999993,1,1,1.0
128,5,358.49,269.26,111.88999999999999,40.73000000000002,1,1,1.0
128,6,93.51,295.81,128.58999999999997,40.60000000000002,1,1,1.0
128,7,833.5,218.39,83.47000000000003,59.97000000000003,1,1,1.0
129,1,204.84,254.84,97.86999999999998,37.66999999999999,1,1,1.0
129,4,7.2,312.51,477.71000000000004,224.39,1,1,1.0
129,5,343.42,270.12,113.90999999999997,41.90999999999997,1,1,1.0
129,6,75.6,297.56,130.33,40.60000000000002,1,1,1.0
129,7,823.1,218.6,89.0,60.54999999999998,1,1,1.0
130,1,204.82,254.91,97.88,37.53,1,1,1.0
130,4,0.0,315.92,467.72,222.47999999999996,1,1,1.0
130,5,328.35,270.98,115.91999999999996,43.089999999999975,1,1,1.0
130,6,57.69,299.32,132.06,40.60000000000002,1,1,1.0
130,7,817.73,219.76,88.85000000000002,60.18000000000001,1,1,1.0
131,1,204.8,254.98,97.88,37.390000000000015,1,1,1.0
131,4,0.0,319.33,450.53,219.26000000000005,1,1,1.0
131,5,313.28,271.84,117.94000000000005,44.28000000000003,1,1,1.0
131,6,39.79,301.08,133.79000000000002,40.60000000000002,1,1,1.0
131,7,812.37,220.92,88.70000000000005,59.81000000000003,1,1,1.0
132,1,204.78,255.05,97.88000000000002,37.25,1,1,1.0
132,4,0.0,322.74,433.34,216.03999999999996,1,1,1.0
132,5,298.21,272.7,119.96000000000004,45.460000000000036,1,1,1.0
132,6,21.88,302.84,135.52,40.60000000000002,1,1,1.0
132,7,807.0,222.08,88.54999999999995,59.44999999999996,1,1,1.0
133,1,204.76,255.12,97.88,37.110000000000014,1,1,1.0
133,4,0.0,326.15,416.15,212.82000000000005,1,1,1.0
133,5,283.14,273.56,121.97000000000003,46.639999999999986,1,1,1.0
133,6,3.98,304.59,130.52,40.60000000000002,1,1,1.0
133,7,797.03,223.24,93.0,59.079999999999984,1,1,1.0
134,1,204.75,255.19,97.88,36.97000000000003,1,1,1.0
134,4,0.0,329.56,398.96,209.58999999999997,1,1,1.0
134,5,268.07,274.42,123.99000000000001,47.829999999999984,1,1,1.0
134,6,0.0,304.59,134.5,40.60000000000002,1,1,1.0
134,7,787.07,224.4,97.44999999999993,58.71000000000001,1,1,1.0
134,8,685.19,525.12,77.11999999999989,13.840000000000032,1,1,1.0
135,1,204.73,255.26,97.88000000000002,36.829999999999984,1,1,1.0
135,4,0.0,332.97,381.77,206.37,1,1,1.0
135,5,253.0,275.28,126.00999999999999,49.01000000000005,1,1,1.0
135,6,0.0,304.59,105.6,40.60000000000002,1,1,1.0
135,7,777.1,225.56,101.89999999999998,58.339999999999975,1,1,1.0
135,8,685.19,523.1,101.80999999999995,15.860000000000014,1,1,1.0
136,1,204.71,255.33,97.87999999999997,36.68999999999997,1,1,1.0
136,4,0.0,336.38,364.58,203.14999999999998,1,1,1.0
136,5,232.81,276.14,133.14,50.19,1,1,1.0
136,6,0.0,306.07,86.13,40.10000000000002,1,1,1.0
136,7,774.8,225.86,96.79000000000008,58.71999999999997,1,1,1.0
136,8,694.17,517.5,105.43000000000006,21.5,1,1,1.0
137,1,204.69,255.4,97.88,36.54999999999998,1,1,1.0
137,4,0.0,339.79,347.39,199.93,1,1,1.0
137,5,212.61,277.0,140.28999999999996,51.379999999999995,1,1,1.0
137,6,0.0,307.55,66.65,39.599999999999966,1,1,1.0
137,7,772.5,226.17,91.69000000000005,59.099999999999994,1,1,1.0
137,8,703.16,511.9,109.04000000000008,27.129999999999995,1,1,1.0
138,1,204.69,255.4,97.88,36.67999999999998,1,1,1.0
138,4,0.0,343.2,330.2,196.70999999999998,1,1,1.0
138,5,201.8,278.48,134.38,51.379999999999995,1,1,1.0
138,6,0.0,309.02,47.18,39.10000000000002,1,1,1.0
138,7,767.2,226.47,89.57999999999993,59.47999999999999,1,1,1.0
138,8,712.14,506.29,112.65999999999997,32.78000000000003,1,1,1.0
139,1,204.69,255.4,97.88,36.82000000000002,1,1,1.0
139,4,0.0,343.2,309.43,196.70999999999998,1,1,1.0
139,5,184.54,279.97,134.91,51.36999999999995,1,1,1.0
139,6,0.0,310.5,27.7,38.60000000000002,1,1,1.0
139,7,759.68,226.78,89.70000000000005,59.859999999999985,1,1,1.0
139,8,721.13,500.69,116.26999999999998,38.410000000000025,1,1,1.0
140,1,204.69,255.4,97.88,36.96000000000001,1,1,1.0
140,4,0.0,343.2,288.67,196.70999999999998,1,1,1.0
140,5,167.27,281.45,135.46,51.379999999999995,1,1,1.0
140,7,752.16,227.08,89.81000000000006,60.23999999999998,1,1,1.0
140,8,730.11,495.09,119.88999999999999,44.04000000000002,1,1,1.0
141,1,204.69,255.4,97.88,37.09,1,1,1.0
141,4,0.0,343.2,267.9,196.70999999999998,1,1,1.0
141,5,150.01,282.93,135.99,51.379999999999995,1,1,1.0
141,7,744.64,227.39,89.91999999999996,60.620000000000005,1,1,1.0
141,8,739.09,489.49,123.50999999999999,49.67999999999995,1,1,1.0
142,1,204.69,255.4,97.88,37.22999999999999,1,1,1.0
142,4,0.0,355.1,244.43,184.80999999999995,1,1,1.0
142,5,132.75,284.42,136.52999999999997,51.370000000000005,1,1,1.0
142,7,737.12,227.69,90.03999999999996,61.0,1,1,1.0
142,8,748.08,483.88,127.12,55.32000000000005,1,1,1.0
143,1,204.69,255.4,97.88,37.359999999999985,1,1,1.0
143,4,0.0,358.85,220.95,181.05999999999995,1,1,1.0
143,5,115.49,285.9,137.06,51.370000000000005,1,1,1.0
143,7,729.6,228.0,90.14999999999998,61.379999999999995,1,1,1.0
143,8,757.06,478.28,126.0,60.27999999999997,1,1,1.0
144,1,204.69,255.4,97.88,37.49999999999997,1,1,1.0
144,4,0.0,362.6,197.48,177.30999999999995,1,1,1.0
144,5,98.22,287.38,137.61,51.379999999999995,1,1,1.0
144,7,720.5,228.31,91.85000000000002,61.75,1,1,1.0
144,8,766.05,472.68,124.87,65.23999999999995,1,1,1.0
145,1,204.69,255.4,97.88,37.640000000000015,1,1,1.0
145,4,0.0,367.1,174.0,172.80999999999995,1,1,1.0
145,5,80.96,288.86,138.14,51.379999999999995,1,1,1.0
145,7,711.4,228.61,93.54000000000008,62.129999999999995,1,1,1.0
145,8,775.03,467.08,123.75,70.19999999999999,1,1,1.0
146,1,204.69,255.4,97.88,37.77000000000001,1,1,1.0
146,4,0.0,371.6,150.52,168.30999999999995,1,1,1.0
146,5,63.7,290.35,138.67000000000002,51.370000000000005,1,1,1.0
146,7,702.3,228.92,95.23000000000002,62.51000000000002,1,1,1.0
146,8,784.02,461.47,122.62,75.16999999999996,1,1,1.0
147,1,204.69,255.4,97.88,37.91,1,1,1.0
147,4,0.0,374.33,125.42,165.57999999999998,1,1,1.0
147,5,46.44,291.83,139.21,51.379999999999995,1,1,1.0
147,7,693.2,229.22,96.92999999999995,62.890000000000015,1,1,1.0
147,8,793.0,455.87,121.5,80.13,1,1,1.0
148,1,204.69,255.4,97.88,38.04999999999998,1,1,1.0
148,4,0.0,377.07,100.31,162.83999999999997,1,1,1.0
148,5,29.17,293.31,139.75,51.379999999999995,1,1,1.0
148,7,684.1,229.53,98.62,63.27000000000001,1,1,1.0
148,8,801.68,451.92,119.3900000000001,79.24999999999994,1,1,1.0
149,1,204.69,255.4,97.88,38.17999999999998,1,1,1.0
149,4,0.0,379.8,75.2,160.10999999999996,1,1,1.0
149,5,11.91,294.8,140.29,51.370000000000005,1,1,1.0
149,7,675.0,229.83,100.30999999999995,63.650000000000006,1,1,1.0
149,8,810.36,447.97,117.26999999999998,78.36000000000001,1,1,1.0
150,1,204.69,255.4,97.88,38.32000000000002,1,1,1.0
150,4,0.0,379.8,46.55,160.10999999999996,1,1,1.0
150,5,0.0,291.8,139.35,56.349999999999966,1,1,1.0
150,7,665.83,230.14,102.07999999999993,64.03000000000003,1,1,1.0
150,8,819.03,444.01,115.17000000000007,77.49000000000001,1,1,1.0
151,1,204.69,255.4,97.88,38.45000000000002,1,1,1.0
151,4,0.0,379.8,17.9,160.10999999999996,1,1,1.0
151,5,0.0,291.8,121.7,56.349999999999966,1,1,1.0
151,7,656.67,230.44,103.83000000000004,64.41000000000003,1,1,1.0
151,8,827.71,440.06,106.49000000000001,76.60999999999996,1,1,1.0
152,1,204.69,255.4,97.88,38.59,1,1,1.0
152,5,0.0,291.8,104.05,56.349999999999966,1,1,1.0
152,7,647.5,230.75,105.60000000000002,64.79000000000002,1,1,1.0
152,8,836.39,436.11,97.82000000000005,75.71999999999997,1,1,1.0
153,1,204.69,255.4,97.88,38.72999999999999,1,1,1.0
153,5,0.0,291.8,86.4,56.349999999999966,1,1,1.0
153,7,638.33,231.06,107.36000000000001,65.16000000000003,1,1,1.0
153,8,845.07,432.16,89.15999999999997,74.83999999999997,1,1,1.0
154,1,204.69,255.4,97.88,38.859999999999985,1,1,1.0
154,5,0.0,291.8,68.75,56.349999999999966,1,1,1.0
154,7,629.17,231.36,109.11000000000001,65.55000000000001,1,1,1.0
154,8,853.74,428.2,80.5,73.97000000000003,1,1,1.0
155,1,204.69,255.4,97.88,38.99999999999997,1,1,1.0
155,5,0.0,291.8,51.1,56.349999999999966,1,1,1.0
155,7,620.0,231.67,110.88,65.91999999999999,1,1,1.0
155,8,862.42,424.25,71.84000000000003,73.07999999999998,1,1,1.0
156,1,204.69,255.4,97.88,39.140000000000015,1,1,1.0
156,5,0.0,291.8,33.45,56.349999999999966,1,1,1.0
156,7,610.43,231.97,112.19000000000005,66.29999999999998,1,1,1.0
156,8,871.1,420.3,63.16999999999996,72.19999999999999,1,1,1.0
157,1,204.69,255.4,97.88,39.27000000000001,1,1,1.0
157,5,0.0,291.8,15.8,56.349999999999966,1,1,1.0
157,7,600.85,232.28,113.5,66.67999999999998,1,1,1.0
157,8,877.03,416.0,57.24000000000001,72.19999999999999,1,1,1.0
158,1,204.69,255.4,97.88,39.41,1,1,1.0
158,7,591.28,232.58,114.81000000000006,67.05999999999997,1,1,1.0
158,8,882.97,411.7,51.299999999999955,72.19999999999999,1,1,1.0
159,1,204.69,255.4,97.88,39.54999999999998,1,1,1.0
159,7,581.71,232.89,116.12,67.44,1,1,1.0
159,8,888.9,407.4,45.370000000000005,72.20000000000005,1,1,1.0
160,1,204.69,255.4,97.88,39.67999999999998,1,1,1.0
160,7,572.13,233.19,117.42999999999995,67.82,1,1,1.0
160,8,894.5,407.23,39.940000000000055,67.26999999999998,1,1,1.0
161,1,204.69,255.4,97.88,39.82000000000002,1,1,1.0
161,7,562.56,233.5,118.74000000000001,68.19999999999999,1,1,1.0
161,8,900.1,407.07,34.5,62.329999999999984,1,1,1.0
162,1,204.69,255.4,97.88,39.95000000000002,1,1,1.0
162,7,551.23,234.2,119.91999999999996,68.40000000000003,1,1,1.0
162,8,905.7,406.9,29.069999999999936,57.400000000000034,1,1,1.0
163,1,204.69,255.4,97.88,40.09,1,1,1.0
163,7,539.91,234.9,121.08000000000004,68.6,1,1,1.0
163,8,911.3,406.73,23.629999999999995,52.46999999999997,1,1,1.0
164,1,204.69,255.4,97.88,40.22999999999999,1,1,1.0
164,7,528.58,235.6,122.25999999999999,68.79999999999998,1,1,1.0
164,8,916.9,406.57,18.200000000000045,47.53000000000003,1,1,1.0
165,1,204.69,255.4,97.88,40.359999999999985,1,1,1.0
165,7,517.26,236.3,123.41999999999996,69.0,1,1,1.0
165,8,922.5,406.4,12.759999999999991,42.60000000000002,1,1,1.0
166,1,204.69,255.4,97.88,40.49999999999997,1,1,1.0
166,7,505.93,237.0,124.59999999999997,69.19999999999999,1,1,1.0
166,8,923.0,406.4,12.259999999999991,42.60000000000002,1,1,1.0
167,1,204.69,255.4,97.88,40.49999999999997,1,1,1.0
167,7,494.61,237.83,125.75999999999999,69.27000000000001,1,1,1.0
168,1,204.69,255.4,97.88,40.49999999999997,1,1,1.0
168,7,483.28,238.65,126.94000000000005,69.35,1,1,1.0
169,1,204.69,255.4,97.88,40.49999999999997,1,1,1.0
169,7,471.96,239.48,128.09999999999997,69.41999999999999,1,1,1.0
170,1,204.69,255.4,97.88,40.49999999999997,1,1,1.0
170,7,460.63,240.3,129.27999999999997,69.5,1,1,1.0
171,1,204.69,255.4,97.88,40.49999999999997,1,1,1.0
171,7,449.31,239.4,130.44,71.29999999999998,1,1,1.0
172,1,204.69,255.4,97.88,40.49999999999997,1,1,1.0
172,7,437.99,238.5,131.61,73.10000000000002,1,1,1.0
173,1,204.69,255.4,97.88,40.49999999999997,1,1,1.0
173,7,426.57,239.1,132.25000000000006,72.77000000000001,1,1,1.0
174,1,204.69,255.4,97.88,40.49999999999997,1,1,1.0
174,7,415.16,239.7,132.87999999999994,72.44,1,1,1.0
175,1,204.69,255.4,97.88,40.49999999999997,1,1,1.0
175,7,403.74,240.3,133.51,72.11000000000001,1,1,1.0
176,1,204.69,255.4,97.88,40.49999999999997,1,1,1.0
176,7,392.33,240.54,134.14000000000004,72.14000000000001,1,1,1.0
177,1,204.69,255.4,97.88,40.49999999999997,1,1,1.0
177,7,380.91,240.78,134.78000000000003,72.16999999999999,1,1,1.0
178,1,204.69,255.4,97.88,40.49999999999997,1,1,1.0
178,7,369.5,241.02,135.41000000000003,72.20000000000002,1,1,1.0
179,1,204.69,255.4,97.88,40.49999999999997,1,1,1.0
179,7,358.08,241.26,136.05,72.23000000000002,1,1,1.0
180,1,204.69,255.4,97.88,40.49999999999997,1,1,1.0
180,7,346.67,241.5,136.68,72.25999999999999,1,1,1.0
181,1,204.69,255.4,97.88,40.49999999999997,1,1,1.0
181,7,335.25,240.16,137.31,73.86999999999998,1,1,1.0
182,1,204.69,255.4,97.88,40.49999999999997,1,1,1.0
182,7,323.84,238.81,137.94,75.49000000000001,1,1,1.0
183,1,204.69,255.4,97.88,40.49999999999997,1,1,1.0
183,7,312.42,237.47,138.57999999999998,77.1,1,1,1.0
184,1,204.69,255.4,97.88,40.49999999999997,1,1,1.0
184,7,300.56,239.02,139.57,77.1,1,1,1.0
185,1,204.69,255.4,97.88,40.49999999999997,1,1,1.0
185,7,288.7,240.57,140.56,77.10000000000002,1,1,1.0
186,1,204.69,255.4,97.88,40.49999999999997,1,1,1.0
186,7,276.83,242.13,141.56,77.10000000000002,1,1,1.0
187,1,204.69,255.4,97.88,40.49999999999997,1,1,1.0
187,7,264.97,243.68,142.53999999999996,77.09999999999997,1,1,1.0
188,1,204.69,255.4,97.88,40.49999999999997,1,1,1.0
188,7,253.1,245.23,143.54,77.1,1,1,1.0
189,1,204.69,255.4,97.88,40.49999999999997,1,1,1.0
189,7,241.24,246.79,144.52999999999997,77.1,1,1,1.0
190,1,204.69,255.4,97.88,40.49999999999997,1,1,1.0
190,7,229.38,248.34,145.51999999999998,77.1,1,1,1.0
